{
   "MAE": 6.0456590120359825,
   "MSE": 53.17657961533208,
   "RMSE": 7.292227342543023
}